Epoch,Step,d_loss,g_loss,D_real,D_fake
1,5,1.960830,-0.071678,0.521452,0.511673
2,5,1.968629,-0.131323,0.539919,0.532122
3,5,2.025015,-0.197710,0.544884,0.551078
4,5,2.029603,-0.102368,0.522347,0.529731
5,5,2.001376,-0.034965,0.511699,0.512043
6,5,2.009407,-0.018509,0.505313,0.507665
7,5,2.017957,-0.062055,0.508770,0.513257
8,5,2.002844,-0.030083,0.509970,0.510681
9,5,1.992154,-0.006934,0.506089,0.504128
10,5,2.001129,-0.015030,0.503373,0.503655
11,5,1.995676,0.004001,0.501750,0.500670
12,5,2.006822,-0.007591,0.502292,0.503997
13,5,1.997356,-0.008141,0.502980,0.502319
14,5,2.006375,0.003589,0.499039,0.500633
15,5,1.998580,0.002657,0.499810,0.499455
16,5,1.997460,-0.003797,0.501810,0.501175
17,5,2.002107,-0.003184,0.501373,0.501900
18,5,2.001189,-0.005911,0.501256,0.501554
19,5,2.005453,-0.020196,0.504123,0.505486
20,5,1.987402,-0.000274,0.505876,0.502727
21,5,2.018385,-0.034848,0.506613,0.511208
22,5,2.002478,-0.008720,0.501711,0.502331
23,5,1.998607,-0.001759,0.501680,0.501331
24,5,1.998888,0.005888,0.498532,0.498254
25,5,1.996688,0.007258,0.499818,0.498990
26,5,2.004013,-0.008829,0.501307,0.502310
27,5,2.000565,-0.011851,0.501745,0.501886
28,5,1.997116,-0.002562,0.502072,0.501351
29,5,1.998518,-0.001479,0.501141,0.500771
30,5,1.999628,-0.013714,0.505246,0.505153
31,5,1.998139,0.000598,0.500078,0.499613
32,5,1.997320,-0.012007,0.503323,0.502653
33,5,1.994944,0.003807,0.499850,0.498587
34,5,2.001909,-0.019920,0.505048,0.505526
35,5,2.002214,-0.006808,0.502072,0.502626
36,5,1.990773,0.015492,0.500122,0.497816
37,5,1.990925,0.014684,0.499203,0.496934
38,5,2.033189,-0.030817,0.509388,0.517680
39,5,1.997464,0.011609,0.498179,0.497545
40,5,1.995390,0.005852,0.501859,0.500706
41,5,1.998571,-0.022718,0.506486,0.506129
42,5,1.999652,0.009365,0.498547,0.498460
43,5,2.005509,-0.012776,0.502066,0.503443
44,5,1.997178,-0.038162,0.511375,0.510671
45,5,1.996754,0.026983,0.510292,0.509481
46,5,2.035263,0.016599,0.489029,0.497840
47,5,1.969430,-0.039867,0.514132,0.506494
48,5,1.998734,-0.019679,0.514026,0.513709
49,5,2.005193,0.030392,0.494794,0.496092
50,5,1.995193,-0.027133,0.503643,0.502442
51,5,1.991674,-0.004040,0.510364,0.508286
52,5,2.021591,0.052481,0.493317,0.498713
53,5,1.977812,-0.019092,0.518281,0.512744
54,5,1.995820,0.097653,0.482336,0.481288
55,5,1.937991,0.161517,0.482374,0.466911
56,5,1.992544,-0.231091,0.553762,0.551943
57,5,1.955120,0.214635,0.479806,0.468612
58,5,1.953425,-0.004752,0.505727,0.494085
59,5,2.003201,-0.147118,0.554981,0.555788
60,5,1.976202,0.030594,0.512528,0.506586
61,5,1.967591,0.133890,0.476186,0.468108
62,5,1.967601,0.002900,0.514781,0.506697
63,5,1.926476,0.120450,0.495160,0.476801
64,5,1.999578,-0.079000,0.497973,0.497871
65,5,1.944931,0.290780,0.483467,0.469742
66,5,1.808158,0.209287,0.490084,0.442382
67,5,1.970245,-0.046862,0.530351,0.522939
68,5,2.096525,0.023276,0.483817,0.507847
69,5,2.001889,0.020847,0.496343,0.496815
70,5,1.997337,0.024220,0.497880,0.497214
71,5,2.011143,-0.010301,0.501466,0.504252
72,5,2.018295,-0.029712,0.504060,0.508633
73,5,2.000939,-0.005186,0.501818,0.502052
74,5,1.993235,0.024637,0.497557,0.495866
75,5,2.002530,0.007812,0.492014,0.492647
76,5,1.998755,0.011637,0.497359,0.497048
77,5,2.011968,0.019675,0.495618,0.498609
78,5,2.003751,0.015154,0.495578,0.496516
79,5,1.997856,0.004269,0.498682,0.498146
80,5,1.990525,-0.012444,0.504312,0.501943
81,5,1.994167,-0.013726,0.506434,0.504977
82,5,2.001912,-0.000254,0.500539,0.501017
83,5,1.985078,0.023023,0.500023,0.496293
84,5,2.011986,-0.011375,0.499403,0.502400
85,5,1.997198,0.007151,0.501811,0.501110
86,5,1.998368,0.006772,0.500576,0.500168
87,5,2.013335,0.005788,0.498531,0.501864
88,5,2.000955,0.020472,0.495971,0.496210
89,5,1.996465,-0.001809,0.498294,0.497411
90,5,2.001962,-0.013103,0.505414,0.505904
91,5,1.991767,-0.015441,0.503690,0.501632
92,5,1.988386,-0.000203,0.502396,0.499493
93,5,2.000340,0.013438,0.498212,0.498297
94,5,2.003501,0.003676,0.497765,0.498640
95,5,2.001450,-0.017275,0.503437,0.503800
96,5,1.997799,-0.009864,0.500966,0.500415
97,5,1.972729,-0.010261,0.502349,0.495531
98,5,2.009492,0.013221,0.502875,0.505248
99,5,2.001824,-0.001692,0.501950,0.502406
100,5,1.998379,-0.010952,0.503400,0.502995
101,5,2.002273,0.039199,0.495361,0.495929
102,5,1.996658,0.001985,0.499761,0.498925
103,5,2.008174,-0.020267,0.506361,0.508404
104,5,1.986913,0.025916,0.502007,0.498736
105,5,1.995059,0.030272,0.497393,0.496158
106,5,2.009751,0.001500,0.498613,0.501050
107,5,1.991724,-0.025529,0.505502,0.503433
108,5,2.009346,-0.004214,0.504311,0.506647
109,5,2.001760,-0.002549,0.499553,0.499993
110,5,1.992779,0.011271,0.498923,0.497118
111,5,1.985975,0.002963,0.501716,0.498210
112,5,1.999195,0.005729,0.498890,0.498689
113,5,2.004686,0.009461,0.499498,0.500669
114,5,1.979973,0.012985,0.499839,0.494833
115,5,1.994860,0.005730,0.501648,0.500363
116,5,1.997940,-0.004365,0.502559,0.502044
117,5,1.998303,0.005240,0.499924,0.499500
118,5,2.002172,0.013654,0.496719,0.497262
119,5,1.998766,-0.013247,0.501329,0.501021
120,5,1.996752,0.003868,0.500408,0.499596
121,5,2.007234,0.004328,0.501430,0.503238
122,5,2.001760,-0.008683,0.504066,0.504506
123,5,2.005582,0.001599,0.499742,0.501138
124,5,2.002488,0.010433,0.495942,0.496564
125,5,1.993459,-0.000573,0.499703,0.498068
126,5,2.001340,0.001910,0.501304,0.501639
127,5,1.993713,0.008709,0.499788,0.498216
128,5,2.001974,0.010751,0.498028,0.498521
129,5,2.003399,-0.002962,0.500654,0.501504
130,5,1.996912,-0.002730,0.502041,0.501269
131,5,1.993296,0.013080,0.496186,0.494511
132,5,1.994613,0.006454,0.496210,0.494864
133,5,2.004242,-0.002981,0.500874,0.501934
134,5,2.004228,0.015891,0.498389,0.499446
135,5,1.997513,0.017685,0.498273,0.497651
136,5,1.995321,0.002352,0.501763,0.500594
137,5,2.007997,-0.016478,0.504378,0.506377
138,5,2.008543,-0.000271,0.500985,0.503121
139,5,2.003248,-0.001884,0.504555,0.505367
140,5,1.999780,-0.017217,0.506076,0.506020
141,5,2.000652,0.006552,0.500004,0.500167
142,5,1.999764,0.022350,0.494726,0.494667
143,5,1.989869,0.025364,0.495364,0.492832
144,5,1.998385,-0.003961,0.502797,0.502394
145,5,2.002210,-0.014676,0.506400,0.506953
146,5,1.986464,0.015106,0.500909,0.497525
147,5,1.976151,0.019988,0.498527,0.492565
148,5,2.007568,-0.003314,0.497788,0.499680
149,5,1.989848,-0.002095,0.504550,0.502012
150,5,1.990164,-0.003352,0.503222,0.500763
151,5,2.005220,-0.007163,0.500257,0.501562
152,5,1.988696,0.016535,0.496482,0.493657
153,5,1.998215,0.001207,0.497048,0.496602
154,5,1.998300,-0.006789,0.503192,0.502767
155,5,1.993692,-0.007089,0.504210,0.502633
156,5,2.007629,-0.006558,0.498258,0.500165
157,5,1.994532,0.019992,0.500149,0.498782
158,5,1.997355,-0.012170,0.501472,0.500811
159,5,1.996002,0.006526,0.500347,0.499348
160,5,1.991516,0.005703,0.499694,0.497573
161,5,1.995172,0.010482,0.500624,0.499417
162,5,2.007102,-0.015615,0.504991,0.506766
163,5,2.001147,-0.009838,0.505253,0.505540
164,5,1.989075,0.022952,0.498493,0.495762
165,5,2.009783,-0.004021,0.495620,0.498065
166,5,2.003415,-0.026182,0.506908,0.507762
167,5,2.004160,-0.014831,0.505092,0.506132
168,5,1.992097,0.039663,0.495928,0.493952
169,5,1.993013,0.018510,0.493322,0.491576
170,5,1.983086,-0.010536,0.504023,0.499795
171,5,2.012387,-0.038895,0.511070,0.514165
172,5,2.003255,0.005540,0.501657,0.502471
173,5,1.997765,0.045588,0.490505,0.489946
174,5,2.008095,0.001698,0.496485,0.498509
175,5,2.010138,-0.033319,0.511659,0.514192
176,5,1.986111,0.005367,0.505890,0.502418
177,5,2.001461,0.010766,0.493389,0.493754
178,5,1.981092,0.039684,0.492691,0.487965
179,5,2.010664,-0.007325,0.499153,0.501819
180,5,2.001592,-0.047234,0.510732,0.511130
181,5,1.990068,-0.005698,0.504842,0.502359
182,5,1.996265,0.010321,0.499407,0.498474
183,5,1.980919,0.018800,0.500912,0.496142
184,5,1.999012,-0.027062,0.509214,0.508967
185,5,1.987385,0.008845,0.502859,0.499705
186,5,1.998077,0.009254,0.496749,0.496268
187,5,1.996610,0.014572,0.497250,0.496403
188,5,1.994601,-0.001696,0.501062,0.499712
189,5,2.000633,-0.008446,0.504258,0.504416
190,5,1.987642,0.010405,0.499321,0.496232
191,5,1.992094,0.017052,0.496350,0.494373
192,5,2.001553,0.001394,0.502774,0.503162
193,5,1.983445,-0.026111,0.513372,0.509236
194,5,2.005804,-0.005564,0.506217,0.507668
195,5,2.011447,0.025731,0.497879,0.500741
196,5,1.994877,0.015092,0.498241,0.496960
197,5,1.984497,0.010618,0.503467,0.499592
198,5,1.993880,-0.008554,0.504321,0.502791
199,5,1.992866,-0.001013,0.505879,0.504096
200,5,1.982639,0.011598,0.499020,0.494680
201,5,1.994604,0.014571,0.491130,0.489780
202,5,1.968387,0.011087,0.509218,0.501317
203,5,1.984367,0.030282,0.497299,0.493392
204,5,1.929834,0.096313,0.500630,0.483104
205,5,2.088246,-0.095642,0.516295,0.538285
206,5,2.027919,-0.009670,0.505267,0.512244
207,5,1.994079,0.035305,0.494566,0.493086
208,5,2.006481,0.024090,0.486856,0.488474
209,5,2.003098,0.001462,0.504708,0.505482
210,5,1.993899,-0.062814,0.509684,0.508160
211,5,1.991129,-0.038128,0.510002,0.507786
212,5,1.973751,0.023142,0.504636,0.498075
213,5,1.969089,0.058461,0.492245,0.484522
214,5,2.002292,0.012790,0.500955,0.501528
215,5,1.998313,0.042124,0.499331,0.498910
216,5,2.009346,-0.047258,0.507208,0.509544
217,5,2.001734,-0.026847,0.511770,0.512204
218,5,1.974210,0.023444,0.505920,0.499474
219,5,1.996406,0.008912,0.496840,0.495941
220,5,1.988975,0.016351,0.499093,0.496337
221,5,1.995219,0.022389,0.500430,0.499235
222,5,1.995537,-0.022730,0.504258,0.503143
223,5,1.985765,-0.056058,0.512810,0.509252
224,5,1.987522,-0.001267,0.504316,0.501197
225,5,1.970538,0.041589,0.499844,0.492480
226,5,2.002742,0.035105,0.494851,0.495535
227,5,2.002522,0.024653,0.501285,0.501916
228,5,1.993964,0.003448,0.496550,0.495041
229,5,1.982354,-0.013664,0.507670,0.503260
230,5,2.016307,-0.047034,0.514785,0.518858
231,5,1.998040,0.049901,0.495984,0.495493
232,5,1.988200,0.038095,0.492413,0.489463
233,5,1.962397,-0.015064,0.510617,0.501219
234,5,1.968947,0.002682,0.502012,0.494249
235,5,1.999239,0.022449,0.498162,0.497971
236,5,2.020754,0.021259,0.497697,0.502884
237,5,2.010943,-0.012774,0.502579,0.505315
238,5,1.982775,-0.041628,0.508139,0.503834
239,5,1.982988,-0.022596,0.506232,0.501979
240,5,2.002977,0.025325,0.493736,0.494479
241,5,1.975564,0.044425,0.494251,0.488144
242,5,1.999113,-0.015217,0.507212,0.506993
243,5,1.981591,-0.010554,0.504954,0.500354
244,5,1.968229,0.001925,0.501563,0.493621
245,5,1.979041,-0.020914,0.505134,0.499899
246,5,1.994329,-0.045655,0.514390,0.512974
247,5,1.981042,0.006520,0.508111,0.503372
248,5,1.980629,0.058563,0.491758,0.486919
249,5,1.985894,-0.016562,0.502606,0.499079
250,5,1.955101,-0.052938,0.524815,0.513611
251,5,1.966550,0.133040,0.491188,0.482835
252,5,1.962167,0.022370,0.507220,0.497765
253,5,2.024903,-0.093856,0.525412,0.531620
254,5,1.984723,0.021978,0.507924,0.504106
255,5,1.983592,0.094264,0.484013,0.479918
256,5,1.971306,-0.011839,0.505390,0.498219
257,5,1.996723,-0.089411,0.522763,0.521950
258,5,1.983791,0.039695,0.498027,0.493975
259,5,1.955660,0.168011,0.477931,0.466879
260,5,1.969486,-0.007832,0.503432,0.495804
261,5,2.002864,-0.085340,0.520657,0.521376
262,5,1.967685,0.033191,0.498259,0.490184
263,5,2.008033,0.097460,0.477399,0.479400
264,5,1.969943,0.080690,0.505220,0.497709
265,5,1.916251,0.067741,0.501811,0.480899
266,5,1.988844,0.039356,0.502185,0.499396
267,5,1.992665,0.027434,0.502964,0.501130
268,5,1.984625,-0.023762,0.514130,0.510293
269,5,1.986251,-0.015384,0.510241,0.506807
270,5,1.997293,0.078846,0.496144,0.495467
271,5,1.995348,0.066108,0.486399,0.485236
272,5,1.978478,-0.029993,0.511943,0.506567
273,5,1.966849,-0.060605,0.527266,0.518999
274,5,1.998132,-0.003772,0.504089,0.503623
275,5,1.980730,0.117726,0.485525,0.480713
276,5,1.971795,-0.026491,0.509700,0.502650
277,5,2.049173,-0.126954,0.534030,0.546259
278,5,1.975460,0.015600,0.499805,0.493673
279,5,1.969674,0.096942,0.488877,0.481306
280,5,1.981332,0.081956,0.482365,0.477712
281,5,1.987959,-0.012266,0.504678,0.501669
282,5,1.979916,-0.096716,0.529921,0.524918
283,5,2.013053,-0.002831,0.515199,0.518457
284,5,1.952099,0.140521,0.484852,0.472903
285,5,1.975622,0.095763,0.485354,0.479266
286,5,2.015185,-0.057896,0.516945,0.520736
287,5,1.995392,-0.018196,0.507817,0.506667
288,5,1.964039,0.035426,0.508700,0.499714
289,5,1.993925,0.067533,0.483572,0.482054
290,5,1.977344,-0.042459,0.507971,0.502310
291,5,1.998749,0.036670,0.497443,0.497130
292,5,1.973871,0.134439,0.479308,0.472791
293,5,1.975446,-0.003350,0.506374,0.500237
294,5,2.008605,-0.169277,0.540463,0.542611
295,5,1.999052,-0.011277,0.509788,0.509550
296,5,2.021911,0.183027,0.460508,0.465945
297,5,1.978092,0.092179,0.478093,0.472624
298,5,1.964014,-0.016381,0.513270,0.504280
299,5,1.951445,-0.073241,0.525360,0.513247
300,5,2.001153,0.019346,0.507258,0.507547
301,5,1.975594,0.082111,0.493415,0.487324
302,5,1.993493,0.018941,0.494052,0.492427
303,5,1.968091,-0.016291,0.506958,0.498984
304,5,1.965646,0.059755,0.504414,0.495832
305,5,1.984826,0.005193,0.499104,0.495313
306,5,1.971314,0.044657,0.500641,0.493471
307,5,1.996629,0.054128,0.496885,0.496044
308,5,1.991017,-0.027311,0.513349,0.511113
309,5,1.984312,-0.037929,0.514514,0.510604
310,5,1.978606,0.120117,0.486112,0.480777
311,5,2.030156,0.088067,0.475017,0.482524
312,5,2.018897,-0.047130,0.520047,0.524761
313,5,1.999709,-0.009734,0.508747,0.508676
314,5,1.977044,0.079980,0.487783,0.482055
315,5,1.958265,0.104297,0.502102,0.491672
316,5,1.994900,-0.012818,0.508534,0.507266
317,5,1.986082,0.020031,0.507461,0.503984
318,5,1.967939,-0.002419,0.506602,0.498593
319,5,1.967577,-0.115336,0.527826,0.519758
320,5,1.932805,0.038094,0.507877,0.491105
321,5,2.012098,0.040372,0.494018,0.497044
322,5,1.957277,0.049504,0.485829,0.475168
323,5,1.912383,-0.039205,0.511794,0.489912
324,5,2.031827,-0.155255,0.542182,0.550092
325,5,1.998978,-0.024540,0.516646,0.516392
326,5,1.997997,0.078697,0.478150,0.477652
327,5,1.938484,0.048207,0.502702,0.487332
328,5,1.995030,-0.124978,0.530579,0.529350
329,5,1.964662,-0.040882,0.521262,0.512436
330,5,1.973840,0.108274,0.478564,0.472039
331,5,2.007491,0.085096,0.473497,0.475366
332,5,1.952169,-0.129117,0.525654,0.513739
333,5,1.970818,-0.141293,0.526205,0.518930
334,5,1.939164,0.086635,0.496788,0.481604
335,5,1.973352,0.018585,0.502646,0.495991
336,5,2.020595,-0.122581,0.532161,0.537297
337,5,1.969644,0.028362,0.504235,0.496655
338,5,1.977641,0.100776,0.487864,0.482282
339,5,1.926699,0.014366,0.504976,0.486672
340,5,1.941357,-0.071281,0.525325,0.510704
341,5,1.959269,0.047003,0.503254,0.493080
342,5,1.948362,0.133694,0.487510,0.474625
343,5,1.974261,0.030469,0.501375,0.494943
344,5,1.970126,-0.051145,0.521676,0.514236
345,5,1.962504,0.055936,0.504968,0.495601
346,5,1.953594,0.018815,0.501924,0.490340
347,5,1.947568,-0.086149,0.538969,0.525978
348,5,1.953065,0.077999,0.509558,0.497832
349,5,2.016304,0.139938,0.468998,0.473055
350,5,1.971865,0.022409,0.512022,0.505007
351,5,2.038507,-0.027049,0.544311,0.553872
352,5,1.939199,0.156929,0.485505,0.470362
353,5,1.941573,-0.047207,0.514707,0.500131
354,5,1.944887,-0.227783,0.550000,0.536392
355,5,1.866778,0.148524,0.525927,0.492695
356,5,2.032976,0.495612,0.429155,0.437177
357,5,1.987915,-0.075477,0.512282,0.509272
358,5,2.011528,-0.264986,0.568037,0.571018
359,5,1.968788,-0.087540,0.537526,0.529763
360,5,1.993522,0.087876,0.493552,0.491937
361,5,1.964952,0.172862,0.465130,0.456410
362,5,2.012121,0.015960,0.489409,0.492430
363,5,1.976573,-0.027798,0.505763,0.499935
364,5,1.983618,-0.126346,0.543037,0.538952
365,5,1.924425,0.028482,0.526786,0.507986
366,5,1.952924,0.129988,0.487865,0.476134
367,5,1.937853,0.055388,0.500383,0.484866
368,5,1.923141,-0.034202,0.546554,0.527631
369,5,1.983608,0.001073,0.510036,0.505947
370,5,1.905106,0.092269,0.491566,0.467915
371,5,2.023382,0.005407,0.498825,0.504661
372,5,1.923660,0.114946,0.506451,0.487418
373,5,2.006553,-0.075232,0.507914,0.509535
374,5,1.953384,-0.064013,0.517306,0.505677
375,5,1.954248,0.102378,0.496241,0.484827
376,5,2.032487,0.080645,0.464391,0.472336
377,5,1.923675,0.029936,0.514734,0.495693
378,5,1.918998,-0.108250,0.545630,0.525508
379,5,1.928769,0.091334,0.522406,0.504733
380,5,1.974313,0.136778,0.471382,0.464983
381,5,1.933552,-0.069742,0.532325,0.515792
382,5,1.922781,-0.040470,0.530489,0.511257
383,5,1.987066,0.162024,0.492737,0.489504
384,5,1.924564,0.093231,0.489770,0.470963
385,5,1.906197,-0.036253,0.542138,0.518796
386,5,1.860685,-0.011306,0.524683,0.490190
387,5,1.847574,0.041281,0.473394,0.435675
388,5,2.263314,-0.183084,0.478369,0.543867
389,5,1.923779,-0.171901,0.534940,0.515977
390,5,1.891921,-0.060240,0.522608,0.495643
391,5,1.923942,0.114469,0.503662,0.484680
392,5,2.013786,-0.242579,0.547979,0.551444
393,5,1.908510,0.047394,0.522965,0.500165
394,5,1.958035,0.120518,0.478111,0.467651
395,5,1.890038,0.030242,0.531122,0.503742
396,5,2.040431,-0.171948,0.553849,0.564097
397,5,1.838925,0.167563,0.479795,0.439875
398,5,1.946056,0.126004,0.485992,0.472521
399,5,1.985053,-0.352749,0.583236,0.579801
400,5,1.900438,0.001826,0.559104,0.534659
401,5,1.769565,0.427155,0.422932,0.368020
402,5,1.982209,-0.134713,0.528101,0.523687
403,5,1.884624,-0.250162,0.580269,0.552272
404,5,1.919701,0.082946,0.528581,0.508597
405,5,1.854600,0.365651,0.458204,0.422457
406,5,1.927683,-0.079179,0.538657,0.520693
407,5,1.886975,-0.059462,0.564954,0.537369
408,5,1.864130,0.289478,0.485930,0.452106
409,5,2.046200,-0.099581,0.542143,0.553596
410,5,1.998700,-0.016193,0.559006,0.558683
411,5,1.935114,0.249358,0.472645,0.456572
412,5,1.914971,0.035286,0.515356,0.494348
413,5,1.976794,-0.277550,0.569802,0.564251
414,5,1.943619,0.022310,0.540728,0.526711
415,5,1.951794,0.348997,0.431185,0.419537
416,5,1.892632,-0.006004,0.521112,0.494358
417,5,2.002764,-0.302431,0.575158,0.575818
418,5,1.959014,0.242612,0.466817,0.456644
419,5,1.951805,0.244274,0.449595,0.437819
420,5,1.984851,0.052547,0.480702,0.476990
421,5,1.935906,-0.279489,0.561817,0.546109
422,5,1.807509,0.150020,0.520997,0.473085
423,5,2.039984,0.209483,0.467039,0.476875
424,5,1.983165,0.024557,0.503462,0.499295
425,5,1.848830,-0.013796,0.545453,0.507903
426,5,1.925119,-0.069293,0.554726,0.536400
427,5,1.934960,0.023786,0.521358,0.505229
428,5,1.985688,0.058240,0.502720,0.499188
429,5,2.058432,0.328896,0.453279,0.467695
430,5,1.869303,0.023058,0.528346,0.496058
431,5,1.930172,-0.197026,0.584330,0.567379
432,5,1.871567,0.073681,0.527967,0.496014
433,5,1.950872,0.188125,0.482448,0.470239
434,5,1.952179,-0.067482,0.528270,0.516432
435,5,1.955570,-0.090923,0.538377,0.527385
436,5,1.866988,0.049724,0.536519,0.503534
437,5,2.022201,0.019752,0.515687,0.521355
438,5,2.002269,0.019218,0.493429,0.493980
439,5,1.838943,0.145163,0.523297,0.483231
440,5,2.086127,-0.175456,0.557149,0.578349
441,5,1.814520,0.068721,0.534406,0.488306
442,5,1.938742,0.209003,0.469143,0.454004
443,5,2.029226,0.014802,0.523106,0.530351
444,5,1.890519,0.037260,0.534017,0.507066
445,5,1.853586,0.088188,0.562250,0.526064
446,5,1.826287,0.088245,0.559361,0.516588
447,5,1.891260,0.095770,0.536654,0.509769
448,5,1.911905,-0.194950,0.543691,0.521946
449,5,1.952982,-0.019627,0.531618,0.519950
450,5,1.887786,0.011690,0.529309,0.501493
451,5,1.870974,0.117618,0.515137,0.483068
452,5,1.940010,0.021125,0.539868,0.524987
453,5,1.958092,-0.062067,0.506289,0.495862
454,5,1.882401,0.103359,0.526363,0.497116
455,5,1.888380,-0.046062,0.552281,0.523826
456,5,1.817804,-0.095900,0.561919,0.517296
457,5,1.906904,-0.006268,0.519531,0.496386
458,5,1.884873,-0.020657,0.540065,0.511491
459,5,1.847029,0.047813,0.525636,0.487745
460,5,1.858706,-0.185350,0.557284,0.522739
461,5,1.907879,0.044888,0.593628,0.569804
462,5,1.873685,0.455403,0.437650,0.406592
463,5,1.880013,-0.048094,0.531904,0.502228
464,5,1.936917,-0.369144,0.616140,0.600771
465,5,1.748191,0.521140,0.483229,0.421267
466,5,1.978824,0.043503,0.467343,0.461880
467,5,1.891997,-0.264236,0.608013,0.581683
468,5,1.844655,0.152662,0.525388,0.486881
469,5,1.784996,0.497495,0.414623,0.363362
470,5,1.782299,-0.267198,0.607145,0.554496
471,5,2.020376,0.034478,0.545091,0.550075
472,5,1.863425,0.234167,0.469886,0.436245
473,5,1.906983,-0.151495,0.532077,0.509098
474,5,1.812716,-0.070950,0.560792,0.514801
475,5,2.029206,0.225598,0.486609,0.493863
476,5,1.868703,0.086221,0.494433,0.461848
477,5,1.848790,-0.172146,0.579739,0.542356
478,5,1.900629,0.113473,0.485477,0.460763
479,5,1.839644,0.073679,0.509409,0.469512
480,5,1.879123,-0.080458,0.571424,0.541869
481,5,1.855019,0.156613,0.524146,0.488275
482,5,1.965239,-0.058139,0.551855,0.544343
483,5,1.929892,0.289063,0.472011,0.454771
484,5,1.823782,0.146891,0.473175,0.429812
485,5,1.871590,-0.130886,0.565379,0.534135
486,5,1.822670,0.260853,0.497638,0.453686
487,5,2.062454,-0.104960,0.520998,0.536384
488,5,2.043262,-0.123735,0.550756,0.561198
489,5,1.860134,0.279089,0.462396,0.428166
490,5,1.897793,0.110425,0.470617,0.445273
491,5,1.787822,-0.143430,0.612018,0.561087
492,5,1.964292,-0.009332,0.530323,0.521476
493,5,1.871719,0.315557,0.451446,0.420353
494,5,1.783325,0.011368,0.539930,0.486259
495,5,1.916815,-0.137305,0.575812,0.555444
496,5,1.857515,0.159902,0.537819,0.502582
497,5,1.797026,0.280875,0.487734,0.437510
498,5,1.811612,-0.206225,0.549458,0.503169
499,5,1.920641,-0.136438,0.547229,0.527862
500,5,1.814240,0.260242,0.523003,0.477112
